19550.0000 2146.4
20350.0000 2128.3
21150.0000 2099.6
21950.0000 2088.4
22750.0000 2087.3
23550.0000 2078.9
24350.0000 2066.6
25150.0000 2050.2
25950.0000 2050
26750.0000 2031.7
27550.0000 2033.9
28350.0000 2030.9
29150.0000 2034.5
29950.0000 2051.6
30750.0000 2047.1
31550.0000 2029.1
32350.0000 2028.8
33150.0000 2030.8
33950.0000 2030
34750.0000 2025.4
35550.0000 2018.9
36350.0000 2010.8
37150.0000 2021.1
37950.0000 2011.9
38750.0000 2009.6
39550.0000 2009.7
40350.0000 2011.9
41150.0000 2013.1
41950.0000 2013.1
42750.0000 2010.5
43550.0000 2005.3
44350.0000 1998
45150.0000 1989
45950.0000 1978.3
46750.0000 1966.6
47550.0000 1953.9
48350.0000 1935
49150.0000 1919.6
49950.0000 1906.8
50750.0000 1894.8
51550.0000 1883.7
52350.0000 1882.2
