2197.3169
2200.0581
2203.0991
2206.1162
2208.7817
2210.7686
2211.9636
2212.5698
2212.8142
2212.9517
2213.0315
2213.0420
2213.0173
2213.0066
2213.0042
2212.9988
2212.9780
2212.9561
2212.9495
2212.9661
2213.0051
2213.0654
2213.1338
2213.2058
2213.2908
2213.3918
2213.5000
2213.6155
2213.7373
2213.8484
2213.9465
2214.0330
2214.1038
2214.1741
2214.2688
2214.3862
2214.5034
2214.6423
2214.8164
2214.9854
2215.1328
2215.2478
2215.3281
2215.3877
2215.4419
2215.5146
2215.6106
2215.7104
2215.7898
2215.8333
2215.8679
2215.9187
2215.9563
2215.9863
2216.0303
2216.0957
2216.1707
2216.2468
2216.3191
2216.3933
2216.4712
2216.5535
2216.6472
2216.7605
2216.9014
2217.0691
2217.2505
2217.4321
2217.6055
2217.7649
2217.8950
2217.9910
2218.0967
2218.2158
2218.3455
2218.4868
2218.6377
2218.7932
2218.9390
2219.0483
2219.1003
2219.0779
2219.0034
2218.9211
2218.8750
2218.8918
2218.9700
2219.1047
2219.2715
2219.4033
2219.4319
2219.2993
2219.0381
2218.7227
2218.4321
2218.2417
2218.1194
2218.0171
2217.8879
2217.7258
2217.5391
2217.3167
2217.0403
2216.7373
2216.4253
2216.0625
2215.6453
2215.1785
2214.7014
2214.2324
2213.7737
2213.3293
2212.9128
2212.5396
2212.2368
2212.0527
2211.9839
2212.0225
2212.1816
2212.4614
2212.8550
2213.3647
2213.9900
2214.7205
2215.5708
2216.5774
2217.6870
2218.8496
2220.0913
2221.4163
2222.8157
2224.2432
2225.6414
2226.9678
2228.2146
2229.4255
2230.5962
2231.7205
2232.7886
2233.7937
2234.7302
2235.5984
2236.4158
2237.2024
2237.9746
2238.7339
2239.4790
2240.2078
2240.9089
2241.5725
2242.1877
2242.7432
2243.2493
2243.7227
2244.1663
2244.5896
2245.0188
2245.4790
2245.9724
2246.4790
2246.9763
2247.4299
2247.8093
2248.0874
2248.2388
2248.2314
2248.0283
2247.5967
2246.9690
2246.2227
2245.4290
2244.6091
2243.7913
2243.0095
2242.3147
2241.7419
2241.3152
2241.0554
2240.9451
2240.9495
2241.0288
2241.1438
2241.2805
2241.4270
2241.5493
2241.6228
2241.6287
2241.5781
2241.5088
2241.4412
2241.4116
2241.4546
2241.5325
2241.6006
2241.6135
2241.5940
2241.5752
2241.5349
2241.4741
2241.4351
2241.4263
2241.4136
2241.4226
2241.4714
2241.5229
2241.5801
2241.6538
2241.7314
2241.7893
2241.8098
2241.7798
2241.7310
2241.7173
2241.7766
2241.8665
2241.9619
2242.0417
2242.0820
2242.0784
2242.0325
2241.9700
2241.9070
2241.8306
2241.7356
2241.6382
2241.5420
2241.4534
2241.4138
2241.4382
2241.5315
2241.6694
2241.7947
2241.8560
2241.8188
2241.7231
2241.6169
2241.5435
2241.5034
2241.4744
2241.4351
2241.3662
2241.2695
2241.1531
2241.0410
2240.9905
2241.0483
2241.2432
2241.5032
2241.7737
2242.0039
2242.1111
2242.0930
2241.9727
2241.7732
2241.5259
2241.2659
2241.0181
2240.7729
2240.5344
2240.2974
2239.9836
2239.6211
2239.2661
2238.9363
2238.6157
2238.3003
2237.9875
2237.6650
2237.3069
2236.8948
2236.4705
2236.0574
2235.6716
2235.3223
2234.9849
2234.6272
2234.2393
2233.8386
2233.4199
2232.9790
2232.5286
2232.0874
2231.6716
2231.2485
2230.8174
2230.3955
2229.9880
2229.5886
2229.1995
2228.8213
2228.4536
2228.0994
2227.7615
2227.4326
2227.1084
2226.7869
2226.5068
2226.2900
2226.1248
2225.9744
2225.7800
2225.5454
2225.2644
2224.8572
2224.2881
2223.5347
2222.6060
2221.5591
2220.4539
2219.3535
2218.2891
2217.2634
2216.2739
2215.2883
2214.2812
2213.2288
2212.0840
2210.8489
2209.5435
2208.1804
2206.7527
2205.2507
2203.6658
2202.0146
2200.3369
2198.6726
2197.0471
2195.4548
2193.8870
2192.3398
2190.7944
2189.2222
2187.5935
2185.8950
2184.1333
2182.3149
2180.4492
2178.5527
2176.6433
2174.7043
2172.7236
2170.7053
2168.6208
2166.4072
2164.0437
2161.5142
2158.8374
2156.0449
2153.1709
2150.3201
2147.5742
2144.9900
2142.5688
2140.2791
2138.1399
2136.1584
2134.2896
2132.5061
2130.7808
2129.0840
2127.4448
2125.9036
2124.5166
2123.3186
2122.3232
2121.5527
2120.9714
2120.4592
2119.8997
2119.2825
2118.6924
2118.2183
2117.9771
2117.9949
2118.2556
2118.7451
2119.4597
2120.3979
2121.5789
2123.0457
2124.6748
2126.3369
2128.1550
2130.1865
2132.4060
2134.7620
2137.1467
2139.4531
2141.5881
2143.5129
2145.1670
2146.4868
2147.3987
2147.8145
2147.6450
2146.8545
2145.5454
2143.8403
2141.8962
2139.9163
2138.0171
2136.3057
2134.7937
2133.4504
2132.2456
2131.0344
2129.7478
2128.3943
2126.8977
2125.1565
2123.2378
2121.2173
2119.1685
2117.1133
2115.0664
2113.0127
2110.9873
2109.0454
2107.2354
2105.5474
2103.9480
2102.4126
2100.9685
2099.6541
2098.5015
2097.4763
2096.5654
2095.7717
2095.0693
2094.4150
2093.7781
2093.1267
2092.4526
2091.7788
2091.1262
2090.4973
2089.8987
2089.3396
2088.8386
2088.4053
2088.0417
2087.7478
2087.5215
2087.3662
2087.2761
2087.2104
2087.1816
2087.2090
2087.2834
2087.3708
2087.4395
2087.4832
2087.5100
2087.4990
2087.4424
2087.3655
2087.2471
2087.0671
2086.8694
2086.6348
2086.3208
2085.9319
2085.4895
2084.9871
2084.4165
2083.7742
2083.0635
2082.2881
2081.4619
2080.6157
2079.7820
2078.9893
2078.2205
2077.4451
2076.6438
2075.8306
2075.0156
2074.2095
2073.4211
2072.6458
2071.8774
2071.1133
2070.3547
2069.6025
2068.8699
2068.1519
2067.4148
2066.6404
2065.8550
2065.0352
2064.1562
2063.2524
2062.3396
2061.4189
2060.4792
2059.4880
2058.4116
2057.2402
2056.0293
2054.8027
2053.5781
2052.3635
2051.2195
2050.2153
2049.3704
2048.6943
2048.2192
2047.9606
2047.8867
2047.9696
2048.1667
2048.3906
2048.6599
2049.0059
2049.3748
2049.7188
2050.0178
2050.2358
2050.2859
2050.0710
2049.5017
2048.5361
2047.1495
2045.3296
2043.2654
2041.0787
2038.8392
2036.7313
2034.9493
2033.5905
2032.7043
2032.1680
2031.8864
2031.7699
2031.7490
2031.7715
2031.7859
2031.8192
2031.8953
2031.9965
2032.1246
2032.3021
2032.5146
2032.7460
2032.9794
2033.2194
2033.4722
2033.7172
2033.9122
2034.0182
2034.0364
2033.9847
2033.8251
2033.5469
2033.2537
2032.9918
2032.7963
2032.6561
2032.5378
2032.4117
2032.2714
2032.1202
2031.9459
2031.7458
2031.5431
2031.3418
2031.1459
2030.9618
2030.7743
2030.5642
2030.3129
2030.0259
2029.7178
2029.4231
2029.2426
2029.2773
2029.6136
2030.2087
2030.9935
2031.9026
2032.7944
2033.5658
2034.1493
2034.5044
2034.7169
2034.9099
2035.2030
2035.7144
2036.5861
2037.9467
2039.6725
2041.7344
2044.1755
2046.7415
2048.9851
2050.6511
2051.5334
2051.7864
2051.7151
2051.6208
2051.6423
2051.6765
2051.5999
2051.2310
2050.6174
2049.9236
2049.2629
2048.6079
2047.9644
2047.3502
2046.8441
2046.5000
2046.3651
2046.4867
2046.7838
2047.1383
2047.3883
2047.4301
2047.2736
2046.8794
2046.0566
2044.8030
2043.1425
2041.1819
2039.0712
2036.9514
2034.9681
2033.2115
2031.7401
2030.6028
2029.7704
2029.1759
2028.7587
2028.5217
2028.4380
2028.4674
2028.5684
2028.7074
2028.8550
2028.9851
2029.0801
2029.1185
2029.0953
2029.0807
2029.0529
2028.9751
2028.9071
2028.8961
2028.9515
2029.0823
2029.2683
2029.4697
2029.6512
2029.8105
2029.9534
2030.0828
2030.1858
2030.2773
2030.3822
2030.4958
2030.5977
2030.6893
2030.7672
2030.8187
2030.8459
2030.8524
2030.8431
2030.8267
2030.8119
2030.7980
2030.7811
2030.7625
2030.7386
2030.7000
2030.6465
2030.5753
2030.4678
2030.3301
2030.1733
2030.0042
2029.8198
2029.6169
2029.4027
2029.1918
2028.9838
2028.7758
2028.5537
2028.3090
2028.0339
2027.7236
2027.3812
2027.0111
2026.6228
2026.2316
2025.8501
2025.4902
2025.1467
2024.8010
2024.4351
2024.0447
2023.6417
2023.2385
2022.8439
2022.4539
2022.0626
2021.6534
2021.2123
2020.7598
2020.3152
2019.8715
2019.4225
2018.9652
2018.5209
2018.0861
2017.6399
2017.1787
2016.7156
2016.2404
2015.7424
2015.2195
2014.6892
2014.1688
2013.6400
2013.0963
2012.5430
2011.9806
2011.4017
2010.8008
2010.1876
2009.6055
2009.0470
2008.4980
2007.9104
2007.2628
2006.5454
2005.9979
2005.8187
2006.0237
2006.7520
2008.2994
2010.6919
2013.9175
2017.6028
2021.1835
2024.1021
2025.9398
2026.7990
2026.8893
2026.4758
2025.7429
2024.7037
2023.3856
2021.8905
2020.2808
2018.6118
2016.9606
2015.3977
2013.9871
2012.8202
2011.9180
2011.2290
2010.7008
2010.2960
2009.9985
2009.7898
2009.6238
2009.4940
2009.4059
2009.3561
2009.3391
2009.3540
2009.3962
2009.4551
2009.5244
2009.5952
2009.6436
2009.6721
2009.6890
2009.6876
2009.6613
2009.6082
2009.5388
2009.4719
2009.4067
2009.3453
2009.3044
2009.2954
2009.3275
2009.3954
2009.4916
2009.6116
2009.7466
2009.8889
2010.0360
2010.1833
2010.3254
2010.4684
2010.6169
2010.7549
2010.8849
2011.0170
2011.1520
2011.2885
2011.4297
2011.5770
2011.7242
2011.8652
2011.9934
2012.1016
2012.1925
2012.2711
2012.3434
2012.4104
2012.4709
2012.5188
2012.5549
2012.5958
2012.6581
2012.7435
2012.8379
2012.9261
2012.9972
2013.0571
2013.1145
2013.1649
2013.2028
2013.2406
2013.2847
2013.3213
2013.3481
2013.3641
2013.3700
2013.3710
2013.3735
2013.3656
2013.3396
2013.3033
2013.2621
2013.2109
2013.1434
2013.0570
2012.9701
2012.8779
2012.7708
2012.6520
2012.5253
2012.3877
2012.2382
2012.0770
2011.9012
2011.7061
2011.4865
2011.2548
2011.0244
2010.7886
2010.5482
2010.3123
2010.0786
2009.8346
2009.5760
2009.2928
2008.9703
2008.6261
2008.2778
2007.9205
2007.5593
2007.2051
2006.8577
2006.5060
2006.1439
2005.7640
2005.3657
2004.9585
2004.5529
2004.1533
2003.7426
2003.3009
2002.8304
2002.3480
2001.8657
2001.4065
2000.9698
2000.5101
1999.9983
1999.4918
1998.9961
1998.5052
1998.0145
1997.5181
1997.0094
1996.4779
1995.9258
1995.3696
1994.8318
1994.3254
1993.8148
1993.2633
1992.6703
1992.0579
1991.4462
1990.8444
1990.2443
1989.6390
1989.0182
1988.3750
1987.7213
1987.0697
1986.4259
1985.7808
1985.1237
1984.4551
1983.7823
1983.1097
1982.4312
1981.7385
1981.0497
1980.3766
1979.6974
1979.0112
1978.3218
1977.6339
1976.9474
1976.2603
1975.5643
1974.8518
1974.1245
1973.3854
1972.6415
1971.8951
1971.1479
1970.4030
1969.6584
1968.9120
1968.1597
1967.4014
1966.6406
1965.8793
1965.1162
1964.3512
1963.5825
1962.7986
1962.0044
1961.2090
1960.4194
1959.6322
1958.8406
1958.0411
1957.2389
1956.4373
1955.6327
1954.7915
1953.9070
1952.9771
1951.9923
1950.9551
1949.8733
1948.7489
1947.5785
1946.3655
1945.1151
1943.8400
1942.5487
1941.2500
1939.9602
1938.6881
1937.4396
1936.2190
1935.0299
1933.8771
1932.7604
1931.6694
1930.6035
1929.5641
1928.5594
1927.5789
1926.6074
1925.6567
1924.7367
1923.8420
1922.9668
1922.1073
1921.2661
1920.4464
1919.6506
1918.8680
1918.0861
1917.2915
1916.4879
1915.6837
1914.8773
1914.0637
1913.2532
1912.4517
1911.6475
1910.8361
1910.0153
1909.2004
1908.3955
1907.5984
1906.8132
1906.0361
1905.2539
1904.4575
1903.6558
1902.8579
1902.0732
1901.3101
1900.5613
1899.8174
1899.0720
1898.3301
1897.5992
1896.8873
1896.1929
1895.5054
1894.8130
1894.1073
1893.4004
1892.7064
1892.0232
1891.3346
1890.6260
1889.8845
1889.1274
1888.3872
1887.6989
1887.0779
1886.4991
1885.9313
1885.2972
1884.5728
1883.7548
1882.8574
1881.9938
1881.3096
1880.9469
1880.9226
1881.1385
1881.4788
1881.7609
1882.0072
1882.2825
1882.4932
1882.5686
1882.5371
1882.4358
1882.3185
1882.2281
1882.2064
1882.2678
1882.4037
1882.6041
1882.8469
1883.1239
1883.4354
1883.7919
1884.2336
1884.8030
1885.5344
1886.4259
1887.4861
1888.7269
1890.1520
1891.6943
1893.2725
1894.7992
1896.2845
1897.7949
1899.3728
1900.9518
1902.4673
1903.8661
1905.2424
1906.7687
1908.6111
1910.9060
1913.5958
1916.5660
1919.8217
1923.3009
1926.5223
1929.0953
1931.4678
1934.0420
1937.1461
1940.9406
1944.9847
1948.7205
1951.6083
1953.5623
1954.7694
1955.4639
1955.9640
1956.3228
1956.5760
1956.9211
1957.4225
1958.0781
1958.8480
1959.6794
1960.5530
1961.4548
1962.3364
1963.0856
1963.6136
1964.0734
1964.4293
1964.5792
1964.5354
1964.4178
1964.3179
1964.2965
1964.2909
1964.2250
1964.0304
1963.7206
1963.3531
1962.9825
1962.6138
1962.3636
1962.4017
1962.5851
1962.4955
1962.1257
1961.5027
1960.7957
1960.1212
1959.5730
1958.9177
1957.7255
1955.5961
1951.9601
1947.1179
1942.0261
1937.4294
1933.3013
1929.8812
1927.4360
1925.9381
1925.0063
1924.2399
1923.3419
1922.2949
1921.1255
1919.9731
1919.0348
1918.1903
1917.3290
1916.4854
1915.6361
1914.7386
1913.8195
1912.9656
1912.2556
1911.7588
1911.4188
1911.1102
1910.6548
1909.8645
1908.9946
1908.3170
1907.6007
1906.8030
1906.0498
1905.4286
1904.8799
1904.3102
1903.6654
1903.0593
1902.5768
1902.2200
1901.3560
1900.1536
1899.0234
1897.9166
1896.4409
1894.3750
1891.5444
1888.1642
1884.6428
1881.3875
1878.6132
1876.2715
1874.2937
1872.5076
1870.8195
1869.2023
1867.6168
1866.0360
1864.4668
1862.8943
1861.1466
1859.0449
1856.4204
1853.2914
1849.9672
1846.7815
1843.9984
1841.5848
1839.4292
1837.4548
1835.6296
1833.7771
1831.7188
1829.4409
1827.0060
1824.4640
1821.8199
1819.1062
1816.3993
1813.7407
1811.1188
1808.5964
1806.2552
1804.2394
1802.5511
1801.1647
1799.8270
1798.0242
1795.2540
1791.2346
1786.5389
1781.8892
1778.0339
1775.3151
1773.2292
1771.2480
1769.6389
1768.4282
1767.3724
1766.2992
1765.2273
1764.1918
1763.2162
1762.2802
1761.3829
1760.5239
1759.6770
1758.8374
1758.0085
1757.1920
1756.3894
1755.6036
1754.8387
1754.0951
1753.3663
1752.6478
1751.9646
1751.3607
1750.8801
1750.5248
1750.4756
1750.4851
1750.5026
1750.5219
1750.5387
1750.5707
1750.6619
1750.7449
1750.8113
1750.8518
1750.8682
1750.8586
1750.8207
1750.7595
1750.6791
1750.5750
1750.4420
1750.2825
1750.0886
1749.8684
1749.6139
1749.3239
